$ANSIBLE_VAULT;1.1;AES256
37663231343036626338613137303538373531346530623437366363613037343632333934666365
3834636539333933306438643163356262393832366162320a636632356633323633666363383065
30383939373462386433353536646661303433646563356334356331383030313731336539383764
3962363935643530360a306461613336663339383264626237643463353635336139383264636237
33383466323230663330393364356662626435313761323837643337366231366434313131326132
30393039343732303239303063623062376637373566313834336437353335393131323634303339
61623932363834376566633434646665366539633965346261363963383636666163353666306235
61626264303465373836663261316535386435623163613535633263316434353837646465623837
39376437343237386463373836643961353736363033663238306339356535333066313966376664
63343365653935633633623665393162326334356663396332383733386262313262303830303263
38376436333764363764643735373131613864363636303263626139313537663065363566613263
62306436393833373032
