$ANSIBLE_VAULT;1.1;AES256
36343865303730333836623535396662633930353736393533363865303164356538326339363862
6233613964393439323433656339353133303664656263390a383431336234396337376262333165
66366539363834663536383238396563353663653961376236396532666562323133353036363162
6335333039386364350a643635366562613633646535323765633665613231636163313134656165
39386637633162343138653336383564386638363233663736373631353363646264613031333064
61356266343566396338653437383464336239646661343730636630366665613366336330373639
34336336623162326338346134383366303735653839376435663039663063303432346235313161
66306661366538633266646566646166393433303165613132623332386165663839376436333934
37373338306235373530626138363734383262666638356362393439396661323334333130353931
31663038666437303731303031633939333532356638353666393165343036366236613661363064
37373934393861326132313234376665303930343032386231643630346130326132393261373730
31303566363065646331633366373138353931383733373862383964626536383337326534373539
31623232653465326331663430636363636333333437653930336435633031396438666330373735
63353436376432373266376538666232343365386664623335393730313563316363363762623932
32653361623938326630633730313333373366333237623539636163343934663232623664333730
66613133333530336662653434336431386464343030386462376163613531616561303030393839
63366366383739623930356132633237316361353963626333363036636239666165
