$ANSIBLE_VAULT;1.1;AES256
35646664393761363732643838643833363436646634633530643031666537633939626436336330
3365383335313866333131626531323164373438316232340a623033353363363566383861376330
39326461303662626263643332353964343131663833623763346136636333316131353138366238
3364363934353539330a376362366235656165653661616431663930396537353061303438386336
65626266323930383938393064366130393834626439313231386233373936666338646562626565
61333863353132383534643437613431613835333939336635646135373430333335363366613161
34373061396238626536373232613665373762373764346435376663323362333163356666623038
31633265643037363038346137316633363563383133313536383262643733653964636538336561
38306334373137363039333533303434663235393464316166313039653166653432633531386330
38366361353535303531336564656664366636313630353166633963343334376639653337303033
64346638646462613966373438383864333734376332623433363961656637376561636232666661
63616336623032363636623232323064366231363733666464356361383831393433656130653861
65313162376563666438313532653562626264353631313432306336656434313531373662613639
31616238376631306230323732363336323939336533653664663630383262616263663835653336
63353836313165623465653761343138663266636537623366303666313034636532636561623531
65663564373937393535343339333565393831376664666130306638653461326239343166373139
35356132643263626662323166633735313731646139333537363633633862303932616661633262
64656366646339636463353365313831303863626234356136313531376535333831326266356561
32663730323061343062303664636634316439313363343632323161393338333538636131323037
37623830346364636532616132393765353635646134663739666539363166336434303766376132
32393466363066313366613039636438306536656531393833633566633332656563663836356630
61653136303731353664633965656336333736363635366236333334386430373830303637613464
36633361386265646133393066663831336536323861306361393331656562316562626562366532
36613637306363623765613661313363643662613531336334623833646532363965393165356339
61623932336331666466306661363235393838373936373265363865656231613663333361643465
62623566306335333133396131356461613737313033653864613831333466306362643663653133
64366564353638373333363864643462373661356537393935303837616534663933373636373236
33643363303636613863383238396663663438386637653761363337636237666535666237646330
63343066656262383434326335376430373562353336316537633064336338613834313361666433
37386435323862373933303333353532386132336464313861303161646633343530356262363161
65626430353333376464353761323638636436663364666465336465333561653634336333356565
33623365343063653633663832313561373038386462333331643634303339316664346663383130
32383237623534323566633764353932303634313763666536646138393566623535396633323866
32383137376139303133303963653766313836356230383164363162366566646430643536383730
39316231306464346661333438356232623438373064303662396233636138656665663738616462
31633333633937353934343137633033393464353036306635656538336539336665383266343962
66306637343631393463383566653465363930646137373932383062663934643663636462316434
32616530363032643163343735393730636333626361653437653338313164656637383461613837
35363265356438363261343139646230363764313932333962326562346162323230663864323437
30646631363930303961353665393763323034326134623236323532336236306631663735613662
66346632636136383961376439343235633065383830643932663939333630656232326434613034
65636131313032303865396562366362346435663666306462316362643432663133636331396633
37323238306632386362373330646237613139613364616363613139646631303664376362353738
30663134343564656563653634363963353561303864316633666636646138303661663331643764
36343763323530633366363033663635383563656164343132363339353735353931366633653932
31623463303433653133303062613537383864656461336531653330633139656631363538353335
35313265303964303337366332366363363935333964653866633364663539363730643730626265
65393836663630383139343530353735373837613662336366306336383532303166323163623836
36316662393434313863663463316662616338633963366130383061663063646139643838646164
64363936326136333935656435626164316361366238643535623564386134343263343035376532
37663037613235386464393232316565343062363430393838353962343139316534363866336638
38333633623833623261323330636665653939386662343464346364623133303465326430626230
31663766353362316439336164666638326630663239663338306135326666336462316136383031
39376439633966656538646433373335663065383730333935613334326564306533656631366431
38616339376334616539633836656534366537373130663334633535303763303762396665323364
37356335316264633831626366646636303966303539333832623865623963333061646535643264
64646639376630383132316334663266613339376364636439613532353738623135373961666562
36336663343531396262643837633062393135626437366362653932303739623838663536383937
38393936663335643634306539316334643934363866616530373461626334386532653634303835
39663866633136626533323136623731336561323066386531373833323234373063306261353832
34353238393738313162623833616439666166346538363239383736626236633332366633366466
64303536626164643136393338353864366462313262626435376232383133613431616162613466
34373134396664303739316138393033626464343166616265396631353564313262343631383261
39323261323064653265336134363061393864386438363739636566383237626665333431653862
34353465613937643639393064613761336535366637643362616335653066333732393265303765
36653632656439663932383336346634366364666536313864333863653162306436313730626539
63363363653861636639346334363433393538363264393433313736613361366561336436373831
38383032663933323635373531393962633931333232383939343539376334363733346462643538
35393831376561376161643864613366306432306535663166613339613330646365393735326562
35313738363362383539376465643233653763303035383038626237353535323439653939396436
38323332306465313237333562363736626364343631323365373464633739373264393962343666
33363732346330373332316535656465643366393033393833633834666137343339633132316639
64643133636266643530303333373861383539396133303139626631663764616534323261656330
31306133336534653934666464333530353966663464626134343636643162626434643364353566
64653130653437643062373361353033636434326633643431363632336432373432383239316132
62373862363738373437653730643130333664373330363435383330666638373866616665623864
37353762666137376637666434633030366430346230303365666434663733643031643163613536
63326434636363356232373762663538323934656133336365663531356530643831343639386332
37353731653766633166623639353837363237626665303837643866646562653838343532356131
61383166393832393334313864366266306461623566663638663637323161383662663462373065
32376166663036383863316232383164333562326564643732643539303539643932383534333462
36373265323666616561356366396236383336633062383238343464613135386264393839373661
66366666343538303466356161323934316362363166653932383261346535376339343565633536
37656366666261656563386136663631613930656433663966623666316638316630333738643734
64363238373935326434626362346236386433653562623764383763626435616563616637376136
63626266336533626531376161643234633564663564343736376635306530393137653737333534
64376433386231316535656532386339623539353761313939623861623264336332663439376536
65323439633063393861363765666162363133303437636434386561616235636663313561376532
66313464353232636661633465313631383462656461386565396437636662663233303336356430
33666466333663623236316461613766333330636165393932666164323037343731303830363862
35323664633036656231346538323762626465353234366363386235356237343165323135636630
31313063356166643634643736663462303362633761656463356435663165643736353861333766
31343161383739666162383461353366303662636637333465653339663939383065393461353366
30653732316262376636346330323031323138313663326365346538326261323164633363613439
39626563646332343766663039623430663738333465636466313931336631643534333338353336
65343563336466366431353233383238643837663361343465336462326462366563663834643732
66393434353865353838323935313232636561666561323430353436323764333266663064366638
31666565343731383730303962333330663438646464623139396261623764613063666336666332
32363438646261383862623937346364633162666332633132336237316463613836383435396231
62343630336163646632353565393831666662323531363963336532313630313664623833653563
36366336373466346536643366376266343066373737616662653336653564363963393234643638
36313364633938396336646164643530316533323134663534646339316664366432666534373464
66643333353034636236356462616530666231346663326565306666363666653039303863653531
63386237643137656466356565326662653632643430346562636461353866613665316464303063
32613363326361316533666637386165613866383333656331663165643364393332613862336365
64393733306438303930373237643834346262653864306130303338643131363261383132373864
31613132303765346165643231346262373164323230646331316233336664386364306532313037
61346162613036373833393233393439623666313031383533333935386665653561633034356162
34613734373961663062646232323064623666313735356337313064313465613764373335353864
35313862623863386133663431303136336235353235666339343733363838386439366133386363
39363930663865626262316563646332303663333837343632663236656562613938653430663137
65313465653839643236343763653739346631303736396161613439386239376666663965653731
34616261326466373630333036343634336238333637633339656334626631336532633061386261
66323265626465663336383531306630363763616534643265386130633962343135353263313930
63313465653335336263636531646463363732386364303830313937323462653030616236636238
66373463656635396133386333363731663130656636343263623732363662376239616334306234
62656336663465623837613066333534353136646663623638383361336466363561313239393235
39663765333934613730363764353530346463633933633764346664376538633161633662303861
63353134626239663530613364313734356165643133633038333934316464626363393634376537
65333031366138356263303034633438386565303739653764316232613935386635383964383833
36666663353664393330383034316336313535663737393663303764643665666636656539376662
32663862313234316537616536613765326661306161393031306265343366633437393135393362
65313365353230316366626165343065363632626534343962333265646164646138336631303263
61383363323131383265343739306664616438343439346465643637666265646536383339666163
31336631386365616433373730303861383439346532373934626632333061323939613362616136
62393664633137316430323036326462353330363763663761393035663333363765333934343738
35343765383761626537616531333038643633613138346431656663353066383364633730306564
65396437656465363962363938626130346437643433316436383638666536393635346233383431
64386136313333306564613036353539336433336238663136356461343336313331303234623938
65616563333735636437636166313133323138393532616334666530326465623265373763616637
63306335633639623361656163313465636632346461656537346539396531393266623337643833
62646234346634613336633161343631643531303565666363616263643466633366316230656164
32306232613939633062623564633830313737626262663661663739623836386464626164613931
63363330653835656337393732323766376231303937613233373661656637646330656134643034
39643161613835336464313638323633646132366164656138366365666633356666633236373331
66346233653938353135353633636664373830363934373134363330626530616430363163363763
33626431313139323732623232303961353135353733646166356364313536303639333261323030
66303632393231366662393234333339646535616336343435653564643531653863353230326261
36626266396562326231363430633330396439616131336535633462623363323161613562383836
36396236643435303633366332353534376232376436613564613563346462333238353138383337
65343335616332343830666135666132313831636136323261643034336534333038316133333763
63633233656434623935386538343263613637633631353334363131393232633761356163613839
62353831316662393539653366323330343265376334396665333265633366626636323639633561
32346466346561646234646231353939333733333262383464343037336138633530613864646535
34663835323663343961323739613435353461346132343564666233616336383035316565633838
35393430373630346366376366613561356232333064363666643065616362333439396133363361
36393835353931353365316234356565333032643763323833386263356537396666306638303130
65383265316333643164313830323164306162663862656635333830323130343162616136653965
65306164333062336366666165386638303133323134623136366430636235633831623339383763
66363161336265373430366261326434613065613839383162326232623263383233393832333233
37343431623765346232343734313931623933636438353333373262383730623161333532613333
31623631653232343030346332636236383730386232363538343730353766633031623361643435
66623236646432623234396639663363373435633262623037396433346538393835343364356661
36633465366639343063376337313561633735643561313539303963626131653638363139396665
66666165353366326162396665393538616531376363336132323666343133386164366265336662
33653933626164663265366338326564356136376539356534383033373361633565663463316530
63633462633435306239313739353264633233383663633637636563356537616438333862653631
32613134353465383062313639313934653032366436653862663530613961663361626165346164
32613132656464326362393964336163663966626237393066636133346464396334306630323765
32643162383839633763623665366365393239616437643964646135353364343062633830393032
30663162303238343366353031373139383532356633336664313266643964366338363130306366
37373138643763343433303438343065633735643430323161303037313930383537323637326435
30396531336130363937393766666135316436306335316161386561336165333434616339336662
36323237363639663463336432313530666138306364303735303566303532643936643533663665
66623031343831613035363766363666646466356566663565626135363163633032393233663835
35383733633134623762336332363935653266663330353164383832643263393537636236616239
62376339376630633265666336326335313461623662303634363231323762356366636232346139
63333562663761643463333237633734343133343935636462633539373733656338323563363837
63646666376437616236353831353730383166313736393931323565616661666539306465336434
61386539613866373466396138613832626164373730633831373764363234373966396666666131
37363137626330323962323936376338316661623265353565663138343261333136653536633961
62613234323665373162616464336538316632653962393831323934366163336163356234633538
63303035666664653663346162316536626239346364313533653937636435613637386335653235
34393238376338376631626362366136383863323534643365396631623532376565653466393932
39393537616561643466316235613636336639626362323532313933656434636564366338306431
65366537613534623131643031386662303033353264336562343735356633373933303962356262
66306431383165363462626536313364366466363132366239346436333239623466346566393133
39333464616165663635393937363438373364393531653063316263613163386536393635346335
31343434333531396338336237393330366363353837356630616539373937633830666637663236
66373237653665666266333431333061656362363336336466643133373266353565616663323130
65396366353164386361366133323265623634373831356234653661313937353064663639303236
31383138663963363933383633643165613764633134633962383665396433333238366634326462
35623762353333323635326233326165396565363566623535343166376363323436336261356631
66626539386633616230373366363866383033613061623762303931306231663962383063393062
30636361613838323631633136303130663462646633666338336634303661643635643665336439
63356565663932623934383339353332303566653839336135326165653164363333643365643434
33643031363937373737383736643830663732353037306166663234666337363238353738616432
37623032643037616331356433386263613663656135316538623965383166343262373364343031
34366437316331343066336431633566616637663363336361323561313538313561306365346135
30376162636439313766383832333532303863356265623539636262393731633765373765346563
34346436636266356536366166356364353236333530646436656365313565333530636563653939
30376530383538653561633939393163356139336633323535333266383964356131623237633931
62663234303031626563356164656433346136663462373264323234663735333033316261373864
36653736393738393130376137313930643231356637393166316664343566393335393366656332
37663034356339383864616430643333303162306562333633626239626564323666306439393364
62386535376432613163616539353631336462383731653736613836616163336165383262663936
64313436346530333864316563626534383532363030323335663135633738666162
