$ANSIBLE_VAULT;1.1;AES256
63353862386437346362316431366162383733616334303932663261643862666363363930656361
3064393639633266373433656330316336653464393962640a313230623865623632623238363561
31346561633737303265333865616166643162656334633864653231306234656361333766333031
6461663862343231340a393261646161653831613432333831303137656234643261303964353931
64363939666136653838636665353038353861323232333164306336386334636231663534616337
30366563366638663831333833613235353838373733306461373138626466333431306238343863
64333464363565393363616235326165313230666632626566363338653738383861343066386162
34663737353966613538363362323039393535663763616166653137333664633432376164623335
61313438346631623833613732626166383636636137323262383066326437356532313866353139
37306434323462656532316137343138613535376661336335346236366137666162343639633239
36353839346464633664313337643632313330393537393262323737613936346536646366393466
31363562323839613735613461363435363363313864666365343764646630613761316633656664
36313261313832333862393232383664326462343661623666336162653534393063383964303332
32343032323234613831363264643535326236343634646466643137373764323232363664373965
39303533393038656263653834633531636434336130646331396264366633343632383639373061
34326163343162336433323463303366613330306632613465356163636361383162316563386330
33393435643636326461666630376363323539373661333738323635643937666233396663353535
63613839613930623861383234306463383164393336363161303361353363653432656266313939
61323038663232613134646663653265646262353161326363633865306439666336346231313438
66356561643562663031366164356437633162333931303134666636613330666361633638303833
62613565346163646430363539393036343561613136376138303737373530306565363164336364
35383533623634646330613565636235616438613535373462396438386165633334653137623437
38303836363638623034656534396330336133313564303330343431316265323564353663373830
36643536636365653161333530326565653136326665626531393031656138353562363435623239
30616363333235393134613363616636623361346330366435343632613133353832396431356336
66316432336163663133616465363634343830663064653634393633343036646632333663626330
66316563303964333636636264393338633165323532363238363565333138653338326465356535
66366533623262376463356662373364313034353136633661613464353664393566616430396662
63306463316136343734313833383634616230343735346566653765306365643362663330326532
33623937333037373831343065396336643262356461646236653232383934623461636232326165
30373265363933623331663834626136313339626564396331363661373232306139343662383865
61623863306636353065313130623934373631626131323036653134383838623165653564343030
64633533653137396465656532323039376239386539633534303536653232306366633034346636
34643834613165643830663238653766353135356633643537623563653464323461353339313735
64623133663533383536333465616537336264336164303236363336623964343932623839383235
34363031306564656564616366396265363438393931666131353566323566303930353565333239
32616235616666353235386332396365353663353763366465316635383639613733653930393939
30306437396361363637316430613737633761626364353832396631326563313136396634616339
39653661316666626564646335613562623136306539643134383738383138383839643534383238
36383837623433643430663163623735343666613332633439653664313666626435316636636538
33626130303430376131656635363763613235663261373763373463636438306630326134666163
38333230616263306234666562303337313461633337323464373463396235613536313732613962
30613165373262336331396363643537316237633931623264363166393664376261366234313962
37663165363666306530363537373930323639363336653466363765323662613331353536383938
61333035343166383766653561613339636233383133346662373239626264633737343939373861
38326433393264366364386636656234343566333730396362643131386432623964316265316233
30313738653737633030313938313230393263316537626333316539626436643336633332626635
66333339626439376664353936623531333862646435323664623665356139643561303861393730
30636664323766633162363462303630663466303531613066386138373330613735383237343733
65393535623365623534623734663031333533363437616162323732613533613165323962363263
64656337653864646366323661306435366165363536363564386534646134643438633938623631
63623262356666396337356431623566656633313633326531346461346135643337356330393961
38396430386466366535633434346333333061626565383736343061353764376638313235333330
38393630633038336561383765303537326434643336363537346337363266306161373134383437
62313838343730373833393734646361333137363433386337313766373033336636353133353230
37353132343439646633643333363634636530366461323765633836366636373933386238343536
34643932663933386537353864356666366535303965393461653866303032316664663031353964
33333735353965303333376332373631656631386634386561323139306435373962633737623737
31633232613037396235356635636561303561303138653731333933653963373838313034333631
35663235643633613733343731363238346661393862353064316638303235313938616634643836
38626537646530633236333239323936333637613634383864336231373163646235383339333732
32333330353862353634346535306435353037396665363137313862343166643265386263326337
63313765383133333134343861376136383765623163326564393230616633623737316434613538
38656362313436636163336432653432613538396161333362393964336135663137613733343433
30636431323831383035613439313962343536316236623631343761356134366539663465623831
61663431313635643262346130313962333664343965656266333631393337313033636134383966
30386537643534313132656338646435363036353162623665656162633134346131386237393432
32653863363635323939383266313134306635643532323735333361316262633635343037643830
63613438383136616565613966643131653665653739333136376261363232616335363331326432
30633838353734363464333231623265396237666235303066323931336261383966393536363732
32353161383564333439383364636161343938636233636266383061643630663237376262313161
64663137383032646436653431656131303435623931396135616362303230303330323263373834
34313837396565356631636132363138376364626632333236626534353361326133643939383263
31316130333630326563666135656466373965373638333731626266666439323630643565323232
62613230336334653737306462396365316263383264393664656233303235386637373334343130
32353537383737346136306635303833633638643563616463356161636264306461636666343664
61623038343931323132663438656563373462653266623864326362656130353236393235653363
37653461393736306333343662353466373634353764343663363032366163313337356230356132
38393266343331386435333636303332346231376335646165656339323131356466643132623365
30363537616430636633396431663031663835333331633632643233323662306462393462376466
36306630366339363863633539363939626463336461383733303335303636383536623336326133
64626232396333336466343061623634343934653361346633316238343935313364366439613438
31356635633737663935363234303135383230306263393939343165383334636635393666653965
31386666376535303362666530626665373062333861376263636663373064316166323866373630
63323739343064393161356663326636653561353039653233636463343631323335623835373830
63326330376239313566643066303430633435343336393334666466666234326334646337303732
35386130323739373936646633396638653437616132343535356565353235636264636166663864
61363766363133343265623839343664626139346366653831646464663933303639396165323066
36396563613332383062616465616465653739323161356363393263663633656437313863643166
64326162366632353333396539366238303065323839656265386133333335656437353030633734
33363830316531323630636232636332326664633133313266393866333138616663333533303935
38323337373633383537313634363166386233363366616338623136636338383432326438333932
34393430636561366133666161376431323665353037316231323466366232323531613238623137
30623832623161333235316566663437616636333635636234373239363335393761303238343762
39343062363664636530316430303337646364653139346433343863336335643964323933633639
32326532646435373934366366623937373235316366653139373135663138363633356635643635
66373536366363323034336137656661623964653534356333333037636633346663373538343238
36666464316532633861613566386632623563383839376132316130333732333439623535376138
36353830303665666263623561633732333865313764323137336534393932663765316466653161
66666537326636383231303332333564643137323533626263633334623133336164633662653838
35316537353664613539383139386565666634333932313132646135656166383633663962333336
33366563313934636365366533346435643961343734343735613430633934653531323665303838
31666631616535616663313739643232316261306537353533666132663164386161343435356539
64356666373633373536376538646631363739323966633463366564646436653131616662396563
39623161356637623434336662343965343264393764656433383730333733313466333038633566
66316161616632616236646137393536613961666230623638356466346164646430343437323030
30393332626231623533313938663433323633643837353265346231346464376636626161333332
36633933353530363965386366643236643061656663333633643764623632646361616531366139
33623138623565643932313133613366623133623864303430373337633864616463646238623734
61636435623261646566336134396434623566346233663563386165633465366365313465356638
66373835633536383638373831613738663266636264373961323966323335623738623763663734
39363435623335373232343831356530303337343835663731656566626139633539656563383538
63376165303934333430663830626166633838393132316561633238363363363665613538376539
34336531643833626239383838393430363662326435373337656564643932623931326365323566
65616533376363323166653831316438373537666631663038643539643566613764336436363562
65353234353661336238326434343232303731303761393438626630646632333062633436636436
34366661663165613231643232343933346236373861666661376231323535373662373730333430
65313637333733306161356430326130643932333236323534636438666535316634376336353361
64323330376663313466336239313265333433646131333036343434653763343762623639373331
33623162356136346430316665646437666533643262663235333966633633633765656439303331
38373437656438396162613165353638363036393538633031646562616566313838373165393432
30343962623066376266313534396132306534306230366363653436643534383063636230356639
30393135613135333731366539383135306433323039343463343665313332343238643235656233
63353933323866386264623330313332363530363830363031366261633766386463303562653237
34636661323539626163303034633839366230626664656537376330356262306236393231613138
30323961363033333139623132303037626164373966373864323738613237646236323433316162
61643531633731376438303131356463393532396464386633333036653638316162363364643338
33306266383437636663356234323133303063366338316634393331373534336363363361356362
32633365313566613933353062353663316263343063643637363732626432303430363930333961
34363939386531383332656530656530386363373630363365336533653363376532643538336563
35663734646533666432333135383033383761643236366639646537356362346662663039366136
38386364316238333934376531656231376530396436343430306535306363386134656531633364
66393136313936363630663131643932353236653334646162626230643861323734643964396235
63323661356437613939376164653130653732623061396234306332323661306430393964383637
61666333323232303733363236346365363961363932643136363564383465303330656365636261
37623534646665313764303666623365383466643439666638383135616232666464363965653038
63323230376636396134363831343536363765396231616332653632353030323661343032666165
32626566306265323039366465346462323634656365306532656638303734373835613030323362
62323565383832313266306239303065333163643735636232373933643463613537363262303966
37363063396230306333303430613066666662333765643162363966366238636433313461363837
66613339636665393332333637336231653032333035613636613230336534383563333832623864
31303237656362636263313933633264356434373232663236623731383834396665326637313631
39656563643239346136633230316665383434623537353163323865323334633137666561626662
65313137313466613263326631616337623061353362393066313438643565363434653137363532
37373663343239383439633361376365383331386334343438353461653363633930663862663230
33303630393432383535636635386336303138613263663665343232383766386431353731313062
39373366323436626239363536613264356537663934646264313762313436326162393535636235
32393535383533626636396537623131346537313739306533636436393333663235396430616530
38376264653163306262346164363831366463383030613664306137373731646539363963373033
65633463346531306438653165633035626533666366636537383634613930363334396438633032
38643830303863353337643838313364636638376130656137623934386462613733663335626132
64666666333432643861333237363036316636343930303231363833643063666661333462373032
33393264313536303863366663666234636232313365656464656463636337366533303034663138
62393063396563393366303039666265303632666134333033633136393964663865343738646432
32636139643731323636303836653865663232346564646135336463633963396131373863343765
34623439656537356231396135346563383161376165333536396563386363363066306362353832
61313062616563626362656264373630393531376462653730646433356533373831623831313233
35653262376166323662636330313765333230333863656135316164383933343530333539616663
61356136353734393337356238393035363638616635616465383064303035623837373563636466
30653938356639363331346261366361303466343931353834313232663434383939663966313437
34396663613230633632666135373839363434393636353338326338303639366363343436643234
66313164356638383337333164633533363134396439333039303865393762373861366266343065
35636136323761366636636466326431363434613834313830373961656162636231633062666534
64383364663465633236303033393837353164316561316463396438656136653638393730613065
32366366396336646262373664303432326632376333363035363431356334356434303534363032
3365613435363638623262313239323764343534323466636265
