$ANSIBLE_VAULT;1.1;AES256
34616436346161373130343034356139623631343333313731303663303266356463396266616665
3531393539656164373232316266666366663639623431630a303538316433333064353739343365
30366437326538353037306331356266633938643536626435386636656333356162383465383938
3161393131633764350a333562636265326462316334653433666661616538336139616533366364
36306431303035616437616630363839333662316534353637663463363236336438363535613935
62366537393165316366303262343433393962323733613464383430363535613835303237353432
38376662343331623134646634656134393362323139366530386235373533333932633231376561
33386663383630343036633034616135343130383534396331393836363139386639393333306638
32653036393533343732346265333436623362393564383664313664333464393133303432663730
38383236623065373637373966633832323839386536303934653563653032303433363432373565
32613962343835363363343965393830316633613365643830393536313630633164626230366436
61316131626630626162326339396530323664303338386634386633626239343564373134616464
39363066663365326433366638666436353165343261613365613761393831356663666333346132
65626332323364613762626534383630333730373763376330353365343537366361636135393062
36643638393363383638633061333334646265336133353839346131353864373637306266386230
39333937643563623663306335316336313637303962373664346133353436393034643134356663
63366261353163323738303934366534306564626238626336613763336136366363333064633436
36663232383633373334393830333039333665636466633261386165336463326433333434356632
64333131356534633331366363323430663362643733613737646636656635346235393338366633
32373438383938363235343530613236326265356338353066373235653636656136613035326635
66636463366235636361626235303036303035366366663663656132393566363738303633363531
39653163646233666238636566326135376434306531363566626566623939323730626666636631
65336164313538623039343138623761383235623930653238646364653638393239323136643661
30386362656630353164643863353235393431616562323363323565613435383665653464303561
30636537336230366535616262353865633336353332393736613766666361363039396463653031
65613334313066313439666332666136343333306533323830646337646635326665633339373332
38353530393164333338653866323462383066313262326662383939346163383633313438386339
63363334356136336336633261666138323730663139663834366338383739653539656363376139
30373365643837303764353436626435306136363131656436326231353032346337346436386431
32313736336263363438373261396632623335386635616135373865303936343966386134333266
34666333643966356635643262303436303533323338663263366433626339633762663066316264
33386134663235393335626530326531393366663663356630356537313734646135623662343832
66396264373733613563306464353632663031376261633961376338633030623639346165383435
63663730616366653535363966316534653533643838343736653631326434356366306332646236
63336665333237666335343063643232323730306337303663303262373832643834353833343465
32666461373436336431343336646363643239636635626237646334623235326664303262656634
32376430646364333666626262363265336536396565326666353736383834616639336239306533
30633765333065633832366335323161623739376461663632343233306338356262346264373361
32363032626266663066393936356134646361346632653761646336656137623530623839653834
62396131663932373532333837333564343963366234323232633762303864633066633031653239
63643161383139653637306432343733363666626565333234323566386231343231366439343665
33306235623762393563373637316163326434643538303466333332326639393561386533636132
65656136666232666664383764666637636332376330326264643661613266376263383339643637
31663635626462376534663266393162396532663461616663323262623230316464363438396432
34343236653935363531666137303166383766666234643036343764373935306235646534376232
32303132373130356434376661396534633832373833613432353030646164643830336265643537
38666332623236316132623762646134346663343366356539343537346638643530356633386233
34643735616563343864653832336636373031646135363364356337666338356638643966386436
32326232303634653530323430353635373062643733636634663163396166316234353362343164
66353561393230303839336361646361393366323834356632623135323936626639613533303737
61616236343862663336656536633839663037333934303638396434643361306339626538393965
37663338616366303962323438623634323265653163626438353038333334373961353663316335
34316433633738353865653137383139396665333236326233356366323864306462366137376135
33636632656630313862623233356130646334363835626461343737636533366363393364353433
37386136393465303163313630336437383839636566353366343966323761633634666135636237
30613439376366363164393763386130383232373832646134633239333766316534393865643130
65333365383163363862383564646663623063353662383733663832303731326439613934363835
32393335356564626233373337333339373663323434323637646562326239396530616166646139
63386537383439346538346136316431633166643361386532386630386339316262316538646231
35633564623162373666633139303432633032623038306535363434333035653861623232386366
35646136346136636161646564633834356239326438626639356565396331333663623163356632
62643062633238326663353563303566633063363066643134353032386664653261373765376162
65663839626137386433323766363832366462393464626538633433376664353438623031393530
61396361373466626431393739366165313363336136626334643332313030623339613263666435
66616439336139393061653936333035663437336337336566663934653762623333306633303663
32353730313332323866383332343939653634383239333237666134343734353363326439343630
31613234346134366135646134346135306535663932323336356138373066373761333961386432
32353566316263363864633635633363643132633065346337393664396563373862633762323164
33306265333638666333383861323634643362386663653231386639613964646664343563653833
61353234373130393462366635373563626263383332313066306134616131383235323735393237
37303463386435643833663033646337323166633432643362333464633932393036366266613662
34343631633337363465326636343764303531626166343438366238333739626464663737366234
34393234346161393238326366306636353939643030613335646435353230346634343661666164
38666465633236383263306538343039376137653633343966633736663362656132656138363163
37383161653565303738346261346631656565613738393162366566323766373665313338386261
30623135393235613063396632363962376362386639333964336534386136383733663134643439
62303665636335393131623138616231323264643339636334666638646661376166323234383439
63393234653739646336613732393437663132396334396331323564363038353738613062326461
35306566386331323563366337353161313036373963636531386263386465363966636261353931
64376336346230636631363833343236613636336636306663636264386430616632643566616534
61343661393134366633633332303261323962383036656339363833613937326634376366356666
37356633623738663561643863633266663838306266343331346630356565363038663137666631
63633637363139333131633434396662303564363265663462386539323364366630383563623630
62393833313434326437356162666131633862663336313838653832636362373837653432363062
39326265333136666233646433303334613132303864656134313434363233636261326166303630
64303764316263646631393766303636666337663762356437626435633762376630353065353632
38653364663132343139633931343365396365393631383931663638343035613638353335316432
63336135663962343534633637356565303166303433323334373561616332386565323534353437
36336565633664663964663831346231656562346133616137373965633161323431656665306630
35663632346534373963326436366438663862303530663066636436633932646633333835623238
38343334353563616237333231613339336266643536343834326536666333363461306163363361
35653939316630386531653262393561653866353266373565653666376430376464633161373862
61623730663933643962643433613937336663613533633532666135373636313265336437333666
31326537396463336333346531373833363066346336643333663732383235343764636535616230
64663564343539303262373065306435616365323663303436343339346264323363303865386539
65663638633963363436386234613933313436323063373237383964623165373061363837326635
30656138643737333035343437633431383631636338326131363837373966663563623935356238
38313431353863326366393865383632653837643631653161623732326433663162633233333063
31303532363761343537393933633563666538656132613663613231393063373365633830666432
39313366356138383436663064646231633965363033633134623136643739323136656164346433
35306530333035353263376233653964633135373134313061336134663332613635636133626466
66623538343531363765306264313262376332386334623138623835326363616165626334393739
39306562633333623366353034326539663662663036393266313830396333623963386130393663
62353530373730623130323836643834626264643334633964376432633633306632663361333736
35373462626162613031316136393962613966333530623034336561363565313865353831313430
61663130353133386133393462653561313632313363656566313431376233626636636231666232
63636131636432376238383032383266346638303233623336623764623032616165643165646231
64333839356639356165383139323461323638393633373864396430343533626261336537303931
35303866373865363638633731643431306235393761356639623838353135646533393663323533
32353832303833646530663662633065366333336430656466376433653864383838363065666135
31336231646365316164323136386534393231363630316530646561313731633335636233626533
31646337316336313661376666323362363166636330383837643831313330393836313436386539
66343861316631643365636235346535393862613966333365393033366466653734396336333338
64353266323866623639356138656337333134356434333165366137656338633137363362616135
30386532323965363632333935636362373865373230653563393038623765376531663835373462
33353034303465393534353861303032383066633266373964386139323265633934663562366233
36323963393962376334663431646565353336383335643639303961666131616436663466383236
66353066333463343531326335313633613835666131616465653031633434623532633131633839
30373233616364653564323962653939653034323531363861643266313131303630633666373136
33663338623063383934656463353739326434626664373066366431613462393365353437333734
33613662616330336337373335653362306232373861656432373434633331303832643232303866
61376534333930383930313931633237373334343939333332636134303537656365616464343065
30313834343737313737316531626437333962306638656336666330373039373333616331613933
66333734353135376132666337636566313439636463646561393966623263313631636665633932
66313362613132323365386437646466623531616137373535656366396639616135323338633530
32636333656563383763623737616635353862383635393534666538363738366331346166663965
65643038623238333135623733373135653432343463383465656432316134353030396134393935
36346262353634353962333334313362626236353634363632636264363365303939396634653561
34323664636333613630306332316538326532333936356166653937663962626361333539343862
39353133326239646264616366363835336634653739336332653839383938323933303765633838
37633235653362383361643938393062646136396463653531356162656164653965646635666561
61346231613339646264343562313735613463613237653630383463343536616637646133366466
37396432663166313533326138646566613831626335316636383566356433643332346235313837
36653664343632336435356661626136636438313363626532323366366237353731373338303838
35313938643965666563396361326661623064656430343465646133646238333939383534383164
31353736396334613634396534323831396562343436316661363134653762663165336431666436
31313666333134363237313634386332613939336435333162663835393434613337646536323332
64336262663338646230336433663639373236633535356563336133306664333137396362343761
39626536353337356639663233373730643464643436656464653334366434356630636537343233
64366530326431663964333264323061616433356534666136393333383539336438393461663832
65393332613038373565633635333335613731613237653936393130373533626565383633386165
62313065653735636465333964346236346266643561613235366531373864666239313532643562
39653065663333643866376231396430306665323435386363373337666539353133303339643463
38623234363230656233363537373866633963323762373063353161636330363432656261333064
33386633383535353366666533666631373332623033333435313434313365613533643132383534
36323032353833373635356535663532626265633564643231346532353865336232623930303462
34643133613836353261393766356237336633636632646362613761663538303265663163323730
64653034616436373639383835353138353930623465313238623335306234636665626231323961
33346630656161663034303666613364336635393364386261626264626536393330333934663432
32663532333936633639336662636537643736653337333834346236626264353166383362613764
35313136366262353761323962336165666533323363306338366461393136633532366133353661
35303462643263626231623935653932316462633433313138356333376331356436366539643962
30636436613133363430336638323133326437663930373832383937323261373631363533343134
34363265356631646131653861643036393765613637653562656430346439373863326462323261
31386330663631376464313235396431663932666438363062343531323761356564393230343436
35333336396137326634353630393432333932396336376265376634663763613936323065643963
64376365313633346438343938366632393330386639333666396439623566346464373138326363
66303934613563656636623165663261633866323863343164656637383862306536653733643836
32663139326535353162376536663665393461373333666462366539366631666532323035663739
38613731313537653733663233323531396532376631643930346365666238366338393266383233
32613935613563656665306335383238346262643262663433646463666330306239383663656331
62366533313664326139363865613834343732376161616662316631356266633365303734336333
30363130326466353662623861616362643038653535326237366638363635633362343461643836
34373137316535303931656238616664613262396161393165656530626632343639623835316334
66326434393330616265633234353130396439386132373131343833613233656638323430376437
37313666393661666565396532343533306432343738373236333363376234376330373631323461
62376533656337376361326136326532633661356466393036623634393638346365356131383065
64333235656531396239393866666433353635616231323839323163346235326562643536396164
61656566616332316537623539636333343464653266616438343039396465363131326662656665
31303630323964656366333866326535383865653030316463646232653738323330396661306533
34656263316434313131343035346439646336323861316135363335316233663666383731616233
30353164356462366438366232346438346533313964313732643766393834613065356130356234
35376131313137346130383965376334626438616235303134323036663732663235
